Stone 250 center=(200.82, 1.97, -152.71) size=(1.39, 0.10, 1.36) sample=(200.82, 0.00, -152.71)
Stone 29 center=(220.86, 2.80, -62.79) size=(1.24, 0.10, 1.29) sample=(220.86, 0.00, -62.79)
Stone 57 center=(216.87, 2.17, -77.32) size=(1.29, 0.10, 1.33) sample=(216.87, 0.00, -77.32)
Stone 113 center=(202.90, 1.56, -103.26) size=(1.43, 0.10, 1.44) sample=(202.90, 0.00, -103.26)
Stone 201 center=(177.08, 2.07, -138.49) size=(1.19, 0.10, 1.25) sample=(177.08, 0.00, -138.49)
Stone 64 center=(216.40, 1.97, -81.68) size=(1.31, 0.10, 1.36) sample=(216.40, 0.00, -81.68)
Stone 174 center=(177.48, 1.96, -125.07) size=(1.38, 0.10, 1.41) sample=(177.48, 0.00, -125.07)
Stone 28 center=(221.89, 2.53, -63.03) size=(1.16, 0.10, 1.22) sample=(221.89, 0.00, -63.03)
Stone 114 center=(202.73, 1.42, -104.72) size=(1.38, 0.10, 1.34) sample=(202.73, 0.00, -104.72)
Stone 38 center=(220.64, 2.46, -68.34) size=(1.15, 0.10, 1.22) sample=(220.64, 0.00, -68.34)
Stone 99 center=(207.40, 1.78, -97.26) size=(1.41, 0.10, 1.43) sample=(207.40, 0.00, -97.26)
Stone 156 center=(182.77, 1.95, -117.06) size=(1.44, 0.10, 1.43) sample=(182.77, 0.00, -117.06)
Stone 215 center=(183.02, 1.87, -143.53) size=(1.42, 0.10, 1.39) sample=(183.02, 0.00, -143.53)
Stone 69 center=(214.69, 2.03, -83.32) size=(1.25, 0.10, 1.30) sample=(214.69, 0.00, -83.32)
Stone 37 center=(219.86, 2.71, -67.04) size=(1.18, 0.10, 1.24) sample=(219.86, 0.00, -67.04)
Stone 209 center=(180.14, 2.15, -141.85) size=(1.41, 0.10, 1.39) sample=(180.14, 0.00, -141.85)
Stone 32 center=(221.39, 2.50, -65.15) size=(1.21, 0.10, 1.27) sample=(221.39, 0.00, -65.15)
Stone 45 center=(218.86, 2.45, -71.29) size=(1.19, 0.10, 1.25) sample=(218.86, 0.00, -71.29)
Stone 228 center=(190.26, 2.00, -146.55) size=(1.40, 0.10, 1.37) sample=(190.26, 0.00, -146.55)
Stone 212 center=(182.58, 1.94, -142.07) size=(1.41, 0.10, 1.38) sample=(182.58, 0.00, -142.07)
Stone 128 center=(195.73, 1.67, -108.22) size=(1.39, 0.10, 1.35) sample=(195.73, 0.00, -108.22)
Stone 119 center=(200.27, 1.63, -104.78) size=(1.39, 0.10, 1.36) sample=(200.27, 0.00, -104.78)
Stone 102 center=(206.96, 1.66, -99.60) size=(1.41, 0.10, 1.43) sample=(206.96, 0.00, -99.60)
Stone 168 center=(179.23, 1.97, -122.32) size=(1.42, 0.10, 1.43) sample=(179.23, 0.00, -122.32)
Stone 54 center=(218.22, 2.09, -76.68) size=(1.30, 0.10, 1.35) sample=(218.22, 0.00, -76.68)
Stone 223 center=(186.86, 2.17, -145.77) size=(1.42, 0.10, 1.39) sample=(186.86, 0.00, -145.77)
Stone 178 center=(176.32, 1.96, -126.91) size=(1.40, 0.10, 1.42) sample=(176.32, 0.00, -126.91)
Stone 226 center=(189.30, 1.98, -145.99) size=(1.40, 0.10, 1.36) sample=(189.30, 0.00, -145.99)
Stone 229 center=(189.74, 2.29, -147.45) size=(1.40, 0.10, 1.37) sample=(189.74, 0.00, -147.45)
Stone 247 center=(198.38, 2.04, -152.49) size=(1.39, 0.10, 1.36) sample=(198.38, 0.00, -152.49)
Stone 206 center=(179.70, 2.15, -140.39) size=(1.42, 0.10, 1.39) sample=(179.70, 0.00, -140.39)
Stone 182 center=(175.65, 1.95, -128.42) size=(1.18, 0.10, 1.25) sample=(175.65, 0.00, -128.42)
Stone 125 center=(197.27, 1.71, -106.28) size=(1.39, 0.10, 1.35) sample=(197.27, 0.00, -106.28)
Stone 81 center=(212.45, 1.92, -89.32) size=(1.30, 0.10, 1.35) sample=(212.45, 0.00, -89.32)
Stone 221 center=(185.90, 2.04, -145.21) size=(1.40, 0.10, 1.37) sample=(185.90, 0.00, -145.21)
Stone 98 center=(208.24, 1.69, -97.89) size=(1.43, 0.10, 1.44) sample=(208.24, 0.00, -97.89)
Stone 96 center=(208.88, 1.70, -97.03) size=(1.40, 0.10, 1.43) sample=(208.88, 0.00, -97.03)
Stone 160 center=(181.57, 1.97, -118.66) size=(1.38, 0.10, 1.41) sample=(181.57, 0.00, -118.66)
Stone 139 center=(190.23, 1.85, -109.94) size=(1.43, 0.10, 1.41) sample=(190.23, 0.00, -109.94)
Stone 30 center=(221.64, 2.52, -64.09) size=(1.22, 0.10, 1.28) sample=(221.64, 0.00, -64.09)
Stone 150 center=(185.47, 1.89, -114.96) size=(1.44, 0.10, 1.42) sample=(185.47, 0.00, -114.96)
Stone 72 center=(214.93, 1.87, -85.68) size=(1.32, 0.10, 1.36) sample=(214.93, 0.00, -85.68)
Stone 155 center=(183.03, 1.97, -115.54) size=(1.44, 0.10, 1.42) sample=(183.03, 0.00, -115.54)
Stone 173 center=(177.18, 1.98, -123.59) size=(1.38, 0.10, 1.41) sample=(177.18, 0.00, -123.59)
Stone 203 center=(177.35, 2.12, -139.58) size=(1.23, 0.10, 1.28) sample=(177.35, 0.00, -139.58)
Stone 190 center=(176.74, 1.94, -132.78) size=(1.22, 0.10, 1.27) sample=(176.74, 0.00, -132.78)
Stone 141 center=(189.33, 1.86, -110.64) size=(1.44, 0.10, 1.42) sample=(189.33, 0.00, -110.64)
Stone 198 center=(177.83, 2.04, -137.15) size=(1.22, 0.10, 1.27) sample=(177.83, 0.00, -137.15)
Stone 116 center=(201.73, 1.46, -105.22) size=(1.39, 0.10, 1.35) sample=(201.73, 0.00, -105.22)
Stone 202 center=(178.37, 2.14, -139.33) size=(1.18, 0.10, 1.24) sample=(178.37, 0.00, -139.33)
Stone 117 center=(201.27, 1.60, -104.28) size=(1.40, 0.10, 1.37) sample=(201.27, 0.00, -104.28)
Stone 43 center=(219.11, 2.52, -70.22) size=(1.22, 0.10, 1.27) sample=(219.11, 0.00, -70.22)
Stone 131 center=(194.27, 1.75, -107.78) size=(1.39, 0.10, 1.36) sample=(194.27, 0.00, -107.78)
Stone 124 center=(197.73, 1.59, -107.22) size=(1.41, 0.10, 1.38) sample=(197.73, 0.00, -107.22)
Stone 47 center=(218.61, 2.39, -72.35) size=(1.23, 0.10, 1.29) sample=(218.61, 0.00, -72.35)
Stone 118 center=(200.73, 1.49, -105.72) size=(1.37, 0.10, 1.33) sample=(200.73, 0.00, -105.72)
Stone 123 center=(198.27, 1.70, -105.78) size=(1.40, 0.10, 1.37) sample=(198.27, 0.00, -105.78)
Stone 144 center=(188.17, 1.85, -112.86) size=(1.44, 0.10, 1.42) sample=(188.17, 0.00, -112.86)
Stone 134 center=(192.73, 1.75, -109.72) size=(1.37, 0.10, 1.33) sample=(192.73, 0.00, -109.72)
Stone 73 center=(213.95, 1.99, -85.32) size=(1.29, 0.10, 1.34) sample=(213.95, 0.00, -85.32)
Stone 61 center=(216.14, 2.14, -79.32) size=(1.27, 0.10, 1.32) sample=(216.14, 0.00, -79.32)
Stone 86 center=(212.10, 1.76, -92.74) size=(1.42, 0.10, 1.44) sample=(212.10, 0.00, -92.74)
Stone 162 center=(180.98, 1.97, -119.57) size=(1.40, 0.10, 1.42) sample=(180.98, 0.00, -119.57)
Stone 50 center=(218.95, 2.17, -74.68) size=(1.32, 0.10, 1.36) sample=(218.95, 0.00, -74.68)
Stone 71 center=(214.32, 2.00, -84.32) size=(1.31, 0.10, 1.35) sample=(214.32, 0.00, -84.32)
Stone 166 center=(179.82, 1.98, -121.41) size=(1.41, 0.10, 1.43) sample=(179.82, 0.00, -121.41)
Stone 90 center=(210.81, 1.74, -94.46) size=(1.41, 0.10, 1.43) sample=(210.81, 0.00, -94.46)
Stone 153 center=(183.93, 1.96, -114.84) size=(1.44, 0.10, 1.42) sample=(183.93, 0.00, -114.84)
Stone 49 center=(218.32, 2.33, -73.32) size=(1.31, 0.10, 1.36) sample=(218.32, 0.00, -73.32)
Stone 44 center=(219.89, 2.36, -71.53) size=(1.18, 0.10, 1.24) sample=(219.89, 0.00, -71.53)
Stone 176 center=(176.90, 1.96, -125.99) size=(1.41, 0.10, 1.43) sample=(176.90, 0.00, -125.99)
Stone 189 center=(175.45, 1.95, -131.95) size=(1.23, 0.10, 1.29) sample=(175.45, 0.00, -131.95)
Stone 249 center=(199.34, 1.98, -153.05) size=(1.42, 0.10, 1.40) sample=(199.34, 0.00, -153.05)
Stone 133 center=(193.27, 1.77, -108.28) size=(1.39, 0.10, 1.35) sample=(193.27, 0.00, -108.28)
Stone 126 center=(196.73, 1.63, -107.72) size=(1.40, 0.10, 1.37) sample=(196.73, 0.00, -107.72)
Stone 42 center=(220.14, 2.40, -70.46) size=(1.23, 0.10, 1.29) sample=(220.14, 0.00, -70.46)
Stone 192 center=(177.01, 1.94, -133.87) size=(1.20, 0.10, 1.26) sample=(177.01, 0.00, -133.87)
Stone 107 center=(204.83, 1.69, -100.69) size=(1.40, 0.10, 1.43) sample=(204.83, 0.00, -100.69)
Stone 213 center=(182.06, 1.97, -142.97) size=(1.41, 0.10, 1.38) sample=(182.06, 0.00, -142.97)
Stone 154 center=(183.67, 1.93, -116.36) size=(1.44, 0.10, 1.42) sample=(183.67, 0.00, -116.36)
Stone 251 center=(200.30, 2.05, -153.61) size=(1.40, 0.10, 1.37) sample=(200.30, 0.00, -153.61)
Stone 225 center=(187.82, 2.29, -146.33) size=(1.42, 0.10, 1.40) sample=(187.82, 0.00, -146.33)
Stone 163 center=(180.10, 2.02, -119.01) size=(1.40, 0.10, 1.42) sample=(180.10, 0.00, -119.01)
Stone 100 center=(207.60, 1.68, -98.74) size=(1.40, 0.10, 1.42) sample=(207.60, 0.00, -98.74)
Stone 161 center=(180.68, 2.01, -118.09) size=(1.39, 0.10, 1.42) sample=(180.68, 0.00, -118.09)
Stone 164 center=(180.40, 1.98, -120.49) size=(1.38, 0.10, 1.41) sample=(180.40, 0.00, -120.49)
Stone 52 center=(218.58, 2.12, -75.68) size=(1.29, 0.10, 1.34) sample=(218.58, 0.00, -75.68)
Stone 75 center=(213.57, 1.97, -86.32) size=(1.28, 0.10, 1.33) sample=(213.57, 0.00, -86.32)
Stone 181 center=(174.85, 1.97, -127.26) size=(1.39, 0.10, 1.41) sample=(174.85, 0.00, -127.26)
Stone 159 center=(181.27, 2.01, -117.18) size=(1.41, 0.10, 1.43) sample=(181.27, 0.00, -117.18)
Stone 180 center=(175.73, 1.96, -127.82) size=(1.39, 0.10, 1.42) sample=(175.73, 0.00, -127.82)
Stone 136 center=(191.73, 1.78, -110.22) size=(1.39, 0.10, 1.36) sample=(191.73, 0.00, -110.22)
Stone 224 center=(188.34, 2.12, -145.43) size=(1.41, 0.10, 1.38) sample=(188.34, 0.00, -145.43)
Stone 238 center=(195.06, 2.23, -149.35) size=(1.39, 0.10, 1.36) sample=(195.06, 0.00, -149.35)
Stone 41 center=(219.36, 2.59, -69.16) size=(1.19, 0.10, 1.25) sample=(219.36, 0.00, -69.16)
Stone 101 center=(206.76, 1.76, -98.11) size=(1.43, 0.10, 1.44) sample=(206.76, 0.00, -98.11)
Stone 237 center=(193.58, 2.19, -149.69) size=(1.41, 0.10, 1.38) sample=(193.58, 0.00, -149.69)
Stone 51 center=(217.96, 2.28, -74.32) size=(1.26, 0.10, 1.31) sample=(217.96, 0.00, -74.32)
Stone 40 center=(220.39, 2.43, -69.40) size=(1.18, 0.10, 1.24) sample=(220.39, 0.00, -69.40)
Stone 185 center=(174.90, 1.95, -129.76) size=(1.23, 0.10, 1.28) sample=(174.90, 0.00, -129.76)
Stone 236 center=(194.10, 2.28, -148.79) size=(1.41, 0.10, 1.38) sample=(194.10, 0.00, -148.79)
Stone 130 center=(194.73, 1.70, -108.72) size=(1.40, 0.10, 1.37) sample=(194.73, 0.00, -108.72)
Stone 170 center=(178.65, 1.97, -123.24) size=(1.42, 0.10, 1.43) sample=(178.65, 0.00, -123.24)
Stone 235 center=(192.62, 2.28, -149.13) size=(1.42, 0.10, 1.39) sample=(192.62, 0.00, -149.13)
Stone 121 center=(199.27, 1.67, -105.28) size=(1.39, 0.10, 1.36) sample=(199.27, 0.00, -105.28)
Stone 230 center=(191.22, 2.15, -147.11) size=(1.42, 0.10, 1.40) sample=(191.22, 0.00, -147.11)
Stone 191 center=(175.72, 1.95, -133.04) size=(1.24, 0.10, 1.29) sample=(175.72, 0.00, -133.04)
Stone 63 center=(215.78, 2.12, -80.32) size=(1.31, 0.10, 1.36) sample=(215.78, 0.00, -80.32)
Stone 108 center=(205.03, 1.52, -102.17) size=(1.42, 0.10, 1.44) sample=(205.03, 0.00, -102.17)
Stone 172 center=(178.07, 1.96, -124.16) size=(1.38, 0.10, 1.41) sample=(178.07, 0.00, -124.16)
Stone 142 center=(189.07, 1.83, -112.16) size=(1.44, 0.10, 1.42) sample=(189.07, 0.00, -112.16)
Stone 186 center=(176.19, 1.94, -130.60) size=(1.23, 0.10, 1.29) sample=(176.19, 0.00, -130.60)
Stone 110 center=(204.38, 1.47, -103.03) size=(1.43, 0.10, 1.44) sample=(204.38, 0.00, -103.03)
Stone 132 center=(193.73, 1.72, -109.22) size=(1.36, 0.10, 1.32) sample=(193.73, 0.00, -109.22)
Stone 211 center=(181.10, 2.06, -142.41) size=(1.40, 0.10, 1.36) sample=(181.10, 0.00, -142.41)
Stone 36 center=(220.89, 2.47, -67.28) size=(1.20, 0.10, 1.26) sample=(220.89, 0.00, -67.28)
Stone 46 center=(219.64, 2.29, -72.59) size=(1.20, 0.10, 1.26) sample=(219.64, 0.00, -72.59)
Stone 245 center=(197.42, 2.13, -151.93) size=(1.40, 0.10, 1.37) sample=(197.42, 0.00, -151.93)
Stone 93 center=(209.33, 1.82, -94.69) size=(1.43, 0.10, 1.44) sample=(209.33, 0.00, -94.69)
Stone 80 center=(213.43, 1.80, -89.68) size=(1.29, 0.10, 1.34) sample=(213.43, 0.00, -89.68)
Stone 137 center=(191.27, 1.82, -109.28) size=(1.38, 0.10, 1.34) sample=(191.27, 0.00, -109.28)
Stone 148 center=(186.37, 1.88, -114.26) size=(1.44, 0.10, 1.43) sample=(186.37, 0.00, -114.26)
Stone 39 center=(219.61, 2.64, -68.10) size=(1.15, 0.10, 1.21) sample=(219.61, 0.00, -68.10)
Stone 240 center=(196.02, 2.29, -149.91) size=(1.41, 0.10, 1.38) sample=(196.02, 0.00, -149.91)
Stone 204 center=(178.74, 2.16, -139.83) size=(1.42, 0.10, 1.39) sample=(178.74, 0.00, -139.83)
Stone 195 center=(176.26, 1.95, -135.22) size=(1.18, 0.10, 1.24) sample=(176.26, 0.00, -135.22)
Stone 196 center=(177.55, 2.00, -136.05) size=(1.25, 0.10, 1.31) sample=(177.55, 0.00, -136.05)
Stone 70 center=(215.30, 1.88, -84.68) size=(1.29, 0.10, 1.34) sample=(215.30, 0.00, -84.68)
Stone 188 center=(176.46, 1.94, -131.69) size=(1.17, 0.10, 1.23) sample=(176.46, 0.00, -131.69)
Stone 135 center=(192.27, 1.80, -108.78) size=(1.38, 0.10, 1.34) sample=(192.27, 0.00, -108.78)
Stone 234 center=(193.14, 2.36, -148.23) size=(1.40, 0.10, 1.37) sample=(193.14, 0.00, -148.23)
Stone 74 center=(214.55, 1.85, -86.68) size=(1.32, 0.10, 1.37) sample=(214.55, 0.00, -86.68)
Stone 157 center=(182.13, 1.99, -116.24) size=(1.44, 0.10, 1.43) sample=(182.13, 0.00, -116.24)
Stone 165 center=(179.52, 2.01, -119.93) size=(1.40, 0.10, 1.42) sample=(179.52, 0.00, -119.93)
Stone 187 center=(175.17, 1.95, -130.85) size=(1.21, 0.10, 1.27) sample=(175.17, 0.00, -130.85)
Stone 76 center=(214.18, 1.84, -87.68) size=(1.28, 0.10, 1.33) sample=(214.18, 0.00, -87.68)
Stone 127 center=(196.27, 1.71, -106.78) size=(1.36, 0.10, 1.32) sample=(196.27, 0.00, -106.78)
Stone 83 center=(212.07, 1.91, -90.32) size=(1.27, 0.10, 1.32) sample=(212.07, 0.00, -90.32)
Stone 145 center=(187.53, 1.90, -112.04) size=(1.44, 0.10, 1.43) sample=(187.53, 0.00, -112.04)
Stone 143 center=(188.43, 1.88, -111.34) size=(1.44, 0.10, 1.42) sample=(188.43, 0.00, -111.34)
Stone 111 center=(203.54, 1.60, -102.40) size=(1.43, 0.10, 1.44) sample=(203.54, 0.00, -102.40)
Stone 183 center=(174.63, 1.96, -128.67) size=(1.18, 0.10, 1.24) sample=(174.63, 0.00, -128.67)
Stone 146 center=(187.27, 1.86, -113.56) size=(1.44, 0.10, 1.43) sample=(187.27, 0.00, -113.56)
Stone 207 center=(179.18, 2.06, -141.29) size=(1.39, 0.10, 1.36) sample=(179.18, 0.00, -141.29)
Stone 231 center=(190.70, 2.44, -148.01) size=(1.39, 0.10, 1.36) sample=(190.70, 0.00, -148.01)
Stone 33 center=(220.36, 2.77, -64.91) size=(1.23, 0.10, 1.28) sample=(220.36, 0.00, -64.91)
Stone 77 center=(213.20, 1.95, -87.32) size=(1.31, 0.10, 1.35) sample=(213.20, 0.00, -87.32)
Stone 233 center=(191.66, 2.36, -148.57) size=(1.42, 0.10, 1.39) sample=(191.66, 0.00, -148.57)
Stone 106 center=(205.67, 1.57, -101.32) size=(1.42, 0.10, 1.43) sample=(205.67, 0.00, -101.32)
Stone 122 center=(198.73, 1.56, -106.72) size=(1.38, 0.10, 1.34) sample=(198.73, 0.00, -106.72)
Stone 220 center=(186.42, 1.97, -144.31) size=(1.40, 0.10, 1.37) sample=(186.42, 0.00, -144.31)
Stone 222 center=(187.38, 2.09, -144.87) size=(1.41, 0.10, 1.38) sample=(187.38, 0.00, -144.87)
Stone 208 center=(180.66, 2.13, -140.95) size=(1.40, 0.10, 1.37) sample=(180.66, 0.00, -140.95)
Stone 35 center=(220.11, 2.75, -65.97) size=(1.22, 0.10, 1.28) sample=(220.11, 0.00, -65.97)
Stone 197 center=(176.54, 1.98, -136.31) size=(1.17, 0.10, 1.24) sample=(176.54, 0.00, -136.31)
Stone 78 center=(213.80, 1.82, -88.68) size=(1.30, 0.10, 1.34) sample=(213.80, 0.00, -88.68)
Stone 55 center=(217.23, 2.18, -76.32) size=(1.27, 0.10, 1.32) sample=(217.23, 0.00, -76.32)
Stone 200 center=(178.10, 2.09, -138.24) size=(1.21, 0.10, 1.27) sample=(178.10, 0.00, -138.24)
Stone 242 center=(196.98, 2.19, -150.47) size=(1.39, 0.10, 1.36) sample=(196.98, 0.00, -150.47)
Stone 115 center=(202.27, 1.56, -103.78) size=(1.39, 0.10, 1.36) sample=(202.27, 0.00, -103.78)
Stone 205 center=(178.22, 2.05, -140.73) size=(1.42, 0.10, 1.39) sample=(178.22, 0.00, -140.73)
Stone 140 center=(189.97, 1.81, -111.46) size=(1.44, 0.10, 1.43) sample=(189.97, 0.00, -111.46)
Stone 104 center=(206.31, 1.63, -100.46) size=(1.42, 0.10, 1.43) sample=(206.31, 0.00, -100.46)
Stone 152 center=(184.57, 1.91, -115.66) size=(1.44, 0.10, 1.43) sample=(184.57, 0.00, -115.66)
Stone 169 center=(178.35, 2.00, -121.76) size=(1.41, 0.10, 1.43) sample=(178.35, 0.00, -121.76)
Stone 92 center=(210.17, 1.73, -95.32) size=(1.42, 0.10, 1.44) sample=(210.17, 0.00, -95.32)
Stone 91 center=(209.97, 1.83, -93.83) size=(1.40, 0.10, 1.43) sample=(209.97, 0.00, -93.83)
Stone 218 center=(185.46, 1.84, -143.75) size=(1.40, 0.10, 1.36) sample=(185.46, 0.00, -143.75)
Stone 48 center=(219.31, 2.23, -73.68) size=(1.27, 0.10, 1.32) sample=(219.31, 0.00, -73.68)
Stone 210 center=(181.62, 2.04, -141.51) size=(1.42, 0.10, 1.39) sample=(181.62, 0.00, -141.51)
Stone 217 center=(183.98, 1.79, -144.09) size=(1.42, 0.10, 1.39) sample=(183.98, 0.00, -144.09)
Stone 53 center=(217.60, 2.22, -75.32) size=(1.29, 0.10, 1.33) sample=(217.60, 0.00, -75.32)
Stone 175 center=(176.60, 1.98, -124.51) size=(1.41, 0.10, 1.43) sample=(176.60, 0.00, -124.51)
Stone 103 center=(206.12, 1.75, -98.97) size=(1.41, 0.10, 1.43) sample=(206.12, 0.00, -98.97)
Stone 239 center=(194.54, 2.19, -150.25) size=(1.42, 0.10, 1.39) sample=(194.54, 0.00, -150.25)
Stone 65 center=(215.42, 2.09, -81.32) size=(1.25, 0.10, 1.31) sample=(215.42, 0.00, -81.32)
Stone 193 center=(175.99, 1.95, -134.13) size=(1.16, 0.10, 1.22) sample=(175.99, 0.00, -134.13)
Stone 138 center=(190.87, 1.80, -110.76) size=(1.43, 0.10, 1.41) sample=(190.87, 0.00, -110.76)
Stone 158 center=(182.15, 1.96, -117.74) size=(1.38, 0.10, 1.41) sample=(182.15, 0.00, -117.74)
Stone 232 center=(192.18, 2.30, -147.67) size=(1.41, 0.10, 1.39) sample=(192.18, 0.00, -147.67)
Stone 147 center=(186.63, 1.91, -112.74) size=(1.43, 0.10, 1.42) sample=(186.63, 0.00, -112.74)
Stone 87 center=(211.26, 1.85, -92.11) size=(1.40, 0.10, 1.43) sample=(211.26, 0.00, -92.11)
Stone 68 center=(215.68, 1.90, -83.68) size=(1.29, 0.10, 1.33) sample=(215.68, 0.00, -83.68)
Stone 112 center=(203.74, 1.42, -103.89) size=(1.43, 0.10, 1.44) sample=(203.74, 0.00, -103.89)
Stone 62 center=(216.77, 2.00, -80.68) size=(1.27, 0.10, 1.32) sample=(216.77, 0.00, -80.68)
Stone 151 center=(184.83, 1.94, -114.14) size=(1.43, 0.10, 1.41) sample=(184.83, 0.00, -114.14)
Stone 58 center=(217.49, 2.06, -78.68) size=(1.30, 0.10, 1.35) sample=(217.49, 0.00, -78.68)
Stone 167 center=(178.93, 2.01, -120.84) size=(1.39, 0.10, 1.42) sample=(178.93, 0.00, -120.84)
Stone 109 center=(204.19, 1.64, -101.54) size=(1.42, 0.10, 1.43) sample=(204.19, 0.00, -101.54)
Stone 194 center=(177.28, 1.95, -134.96) size=(1.19, 0.10, 1.25) sample=(177.28, 0.00, -134.96)
Stone 129 center=(195.27, 1.73, -107.28) size=(1.36, 0.10, 1.32) sample=(195.27, 0.00, -107.28)
Stone 82 center=(213.05, 1.79, -90.68) size=(1.32, 0.10, 1.36) sample=(213.05, 0.00, -90.68)
Stone 60 center=(217.13, 2.03, -79.68) size=(1.32, 0.10, 1.36) sample=(217.13, 0.00, -79.68)
Stone 105 center=(205.47, 1.73, -99.83) size=(1.41, 0.10, 1.43) sample=(205.47, 0.00, -99.83)
Stone 184 center=(175.92, 1.95, -129.51) size=(1.21, 0.10, 1.27) sample=(175.92, 0.00, -129.51)
Stone 85 center=(211.70, 1.87, -91.32) size=(1.29, 0.10, 1.34) sample=(211.70, 0.00, -91.32)
Stone 214 center=(183.54, 1.85, -142.63) size=(1.41, 0.10, 1.38) sample=(183.54, 0.00, -142.63)
Stone 149 center=(185.73, 1.93, -113.44) size=(1.44, 0.10, 1.42) sample=(185.73, 0.00, -113.44)
Stone 34 center=(221.14, 2.49, -66.21) size=(1.22, 0.10, 1.28) sample=(221.14, 0.00, -66.21)
Stone 248 center=(199.86, 1.90, -152.15) size=(1.41, 0.10, 1.38) sample=(199.86, 0.00, -152.15)
Stone 88 center=(211.46, 1.76, -93.60) size=(1.40, 0.10, 1.43) sample=(211.46, 0.00, -93.60)
Stone 56 center=(217.86, 2.08, -77.68) size=(1.29, 0.10, 1.34) sample=(217.86, 0.00, -77.68)
Stone 89 center=(210.62, 1.84, -92.97) size=(1.42, 0.10, 1.43) sample=(210.62, 0.00, -92.97)
Stone 241 center=(195.50, 2.25, -150.81) size=(1.40, 0.10, 1.37) sample=(195.50, 0.00, -150.81)
Stone 253 center=(201.26, 2.12, -154.17) size=(1.41, 0.10, 1.38) sample=(201.26, 0.00, -154.17)
Stone 59 center=(216.51, 2.15, -78.32) size=(1.26, 0.10, 1.31) sample=(216.51, 0.00, -78.32)
Stone 252 center=(201.78, 2.03, -153.27) size=(1.42, 0.10, 1.39) sample=(201.78, 0.00, -153.27)
Stone 94 center=(209.53, 1.72, -96.17) size=(1.40, 0.10, 1.42) sample=(209.53, 0.00, -96.17)
Stone 179 center=(175.43, 1.98, -126.34) size=(1.40, 0.10, 1.43) sample=(175.43, 0.00, -126.34)
Stone 219 center=(184.94, 1.92, -144.65) size=(1.42, 0.10, 1.40) sample=(184.94, 0.00, -144.65)
Stone 244 center=(197.94, 2.09, -151.03) size=(1.41, 0.10, 1.38) sample=(197.94, 0.00, -151.03)
Stone 216 center=(184.50, 1.76, -143.19) size=(1.42, 0.10, 1.39) sample=(184.50, 0.00, -143.19)
Stone 120 center=(199.73, 1.53, -106.22) size=(1.38, 0.10, 1.35) sample=(199.73, 0.00, -106.22)
Stone 67 center=(215.05, 2.06, -82.32) size=(1.30, 0.10, 1.34) sample=(215.05, 0.00, -82.32)
Stone 79 center=(212.82, 1.94, -88.32) size=(1.32, 0.10, 1.36) sample=(212.82, 0.00, -88.32)
Stone 246 center=(198.90, 2.00, -151.59) size=(1.41, 0.10, 1.39) sample=(198.90, 0.00, -151.59)
Stone 31 center=(220.61, 2.78, -63.85) size=(1.17, 0.10, 1.23) sample=(220.61, 0.00, -63.85)
Stone 84 center=(212.68, 1.74, -91.68) size=(1.33, 0.10, 1.37) sample=(212.68, 0.00, -91.68)
Stone 66 center=(216.04, 1.94, -82.68) size=(1.28, 0.10, 1.33) sample=(216.04, 0.00, -82.68)
Stone 227 center=(188.78, 2.20, -146.89) size=(1.40, 0.10, 1.37) sample=(188.78, 0.00, -146.89)
Stone 199 center=(176.81, 2.02, -137.40) size=(1.16, 0.10, 1.22) sample=(176.81, 0.00, -137.40)
Stone 27 center=(221.11, 2.81, -61.72) size=(1.16, 0.10, 1.22) sample=(221.11, 0.00, -61.72)
Stone 171 center=(177.77, 1.99, -122.68) size=(1.41, 0.10, 1.43) sample=(177.77, 0.00, -122.68)
Stone 243 center=(196.46, 2.23, -151.37) size=(1.40, 0.10, 1.37) sample=(196.46, 0.00, -151.37)
Stone 177 center=(176.02, 1.98, -125.43) size=(1.37, 0.10, 1.40) sample=(176.02, 0.00, -125.43)
Stone 95 center=(208.69, 1.80, -95.54) size=(1.40, 0.10, 1.42) sample=(208.69, 0.00, -95.54)
Stone 97 center=(208.04, 1.79, -96.40) size=(1.40, 0.10, 1.42) sample=(208.04, 0.00, -96.40)
150,-130:-2.35 160,-130:-0.61 170,-130:1.47 180,-130:1.82 190,-130:-1.51 200,-130:-2.10 
150,-120:-2.95 160,-120:-1.33 170,-120:1.53 180,-120:1.90 190,-120:0.57 200,-120:-1.91 
150,-110:-4.25 160,-110:-3.51 170,-110:-1.86 180,-110:2.27 190,-110:1.76 200,-110:0.95 
150,-100:-6.02 160,-100:-6.56 170,-100:-6.56 180,-100:-6.56 190,-100:2.38 200,-100:1.81 
150,-90:-6.56 160,-90:-6.56 170,-90:-6.56 180,-90:-6.56 190,-90:-2.84 200,-90:2.53 
150,-80:-6.56 160,-80:-6.56 170,-80:-6.56 180,-80:-6.56 190,-80:-5.97 200,-80:-1.59 
